elements
N O
end

species
O2 N2
end

thermo nasa9
N2                Ref-Elm. Gurvich,1978 pt1 p280 pt2 p207.                      
 3 tpis78 N   2.00    0.00    0.00    0.00    0.00 0     28.01340          0.000
    200.000  1000.000 7 -2.0 -1.0  0.0  1.0  2.0  3.0  4.0  0.0         8670.104
 2.210371497E+04-3.818461820E+02 6.082738360E+00-8.530914410E-03 1.384646189E-05
-9.625793620E-09 2.519705809E-12 0.000000000E+00 7.108460860E+02-1.076003744E+01
   1000.000  6000.000 7 -2.0 -1.0  0.0  1.0  2.0  3.0  4.0  0.0         8670.104
 5.877124060E+05-2.239249073E+03 6.066949220E+00-6.139685500E-04 1.491806679E-07
-1.923105485E-11 1.061954386E-15 0.000000000E+00 1.283210415E+04-1.586640027E+01
   6000.000 20000.000 7 -2.0 -1.0  0.0  1.0  2.0  3.0  4.0  0.0         8670.104
 8.310139160E+08-6.420733540E+05 2.020264635E+02-3.065092046E-02 2.486903333E-06
-9.705954110E-11 1.437538881E-15 0.000000000E+00 4.938707040E+06-1.672099740E+03
O2                Ref-Elm. Gurvich,1989 pt1 p94 pt2 p9.                         
 3 tpis89 O   2.00    0.00    0.00    0.00    0.00 0     31.99880          0.000
    200.000  1000.000 7 -2.0 -1.0  0.0  1.0  2.0  3.0  4.0  0.0         8680.104
-3.425563420E+04 4.847000970E+02 1.119010961E+00 4.293889240E-03-6.836300520E-07
-2.023372700E-09 1.039040018E-12 0.000000000E+00-3.391454870E+03 1.849699470E+01
   1000.000  6000.000 7 -2.0 -1.0  0.0  1.0  2.0  3.0  4.0  0.0         8680.104
-1.037939022E+06 2.344830282E+03 1.819732036E+00 1.267847582E-03-2.188067988E-07
 2.053719572E-11-8.193467050E-16 0.000000000E+00-1.689010929E+04 1.738716506E+01
   6000.000 20000.000 7 -2.0 -1.0  0.0  1.0  2.0  3.0  4.0  0.0         8680.104
 4.975294300E+08-2.866106874E+05 6.690352250E+01-6.169959020E-03 3.016396027E-07
-7.421416600E-12 7.278175770E-17 0.000000000E+00 2.293554027E+06-5.530621610E+02
END
